327
301
218
209
228
221
229
335
230
324
204
318
215
319
316
232
307
346
312
207
357
221
219
228
219
323
227
219
211
310
207
209
219
201
232
207
358
368
216
321
334
330
333
338
327
348
342
301
225
305
306
211
309
231
306
228
344
207
341
338
342
207
336
347
338
214
342
232
220
222
350
229
219
357
217
209
349
211
366
351
304
358
218
232
227
202
203
329
351
203
316
224
328
226
221
352
322
227
232
318
325
348
326
339
211
360
228
324
214
209
348
336
345
213
347
335
224
216
230
231
221
201
308
339
229
200
335
311
213
355
312
227
227
362
336
340
366
364
212
353
218
205
333
203
212
323
204
221
204
224
228
200
357
326
342
350
222
206
228
224
219
319
229
228
211
339
215
209
321
359
222
230
336
231
201
230
352
217
312
366
352
226
337
200
321
201
307
223
368
224
223
314
206
202
207
331
200
352
205
223
228
313
210
335
223
368
331
363
337
212
200
221
225
224
201
231
222
218
217
200
351
349
207
220
347
361
327
208
215
226
230
214
317
324
361
340
327
230
309
327
202
203
226
206
354
232
204
329
231
221
207
332
348
222
367
305
343
201
202
232
207
205
365
308
208
365
302
322
222
214
313
200
209
213
360
362
328
339
205
327
306
330
221
335
212
337
224
311
321
312
207
206
210
204
321
314
218
208
324
222
216
205
308
342
346
207
314
360
228
207
366
309
310
335
206
201
227
205
361
317
232
208
213
205
231
327
303
308
357
354
203
214
339
213
367
232
200
229
224
215
231
354
206
200
340
311
225
224
212
306
223
355
213
308
230
340
220
342
222
316
221
227
332
328
206
354
330
218
210
341
338
215
225
209
302
207
351
228
367
228
329
225
228
227
343
333
331
223
342
357
314
341
206
212
214
367
215
350
227
343
205
206
317
335
215
317
229
206
211
208
221
225
305
220
347
201
218
206
319
200
347
315
220
217
338
344
304
323
301
307
214
226
363
312
314
214
210
338
321
201
200
215
348
344
216
218
359
362
345
324
351
211
215
222
308
302
362
368
350
203
221
344
228
212
221
202
351
309
211
217
222
226
219
219
212
318
319
321
339
353
209
228
367
329
330
365
225
232
223
335
360
319
204
223
304
229
221
315
342
223
227
203
225
207
226
216
345
323
349
219
227
210
219
331
229
206
316
315
332
232
338
334
311
218
218
306
224
211
227
346
312
302
319
322
346
209
219
366
203
220
306
312
339
305
221
206
206
356
206
204
356
364
220
358
226
353
302
201
220
218
319
206
224
226
204
205
368
368
232
205
363
313
364
228
231
213
214
212
215
210
227
210
201
221
339
340
226
301
217
321
202
346
208
201
218
204
342
345
331
310
217
301
201
203
219
206
206
217
356
222
354
325
205
318
358
213
311
320
316
221
229
217
351
340
227
216
315
232
208
337
219
319
226
316
336
214
200
318
216
347
227
349
361
217
331
320
325
226
201
200
314
231
321
350
221
306
333
209
206
219
223
308
310
219
212
327
216
310
227
221
317
365
315
229
351
304
346
226
217
212
212
231
344
360
340
225
229
224
225
366
200
336
219
308
332
347
368
211
222
308
348
327
356
340
231
344
211
336
210
321
207
364
350
341
201
350
229
308
330
232
329
218
204
223
364
229
335
304
226
213
200
348
306
351
349
319
332
313
227
341
363
310
345
220
367
230
312
328
212
222
209
204
347
202
226
227
210
224
328
208
319
223
363
232
345
220
353
219
223
359
219
210
225
333
222
318
319
219
358
330
218
217
362
338
314
318
210
223
332
363
209
353
346
307
315
213
210
301
344
222
228
227
214
350
312
229
228
361
314
216
219
202
222
303
303
324
212
339
338
226
351
214
224
363
213
348
226
223
321
219
356
366
359
322
209
230
221
315
344
204
330
338
224
361
317
216
337
217
202
344
207
308
231
343
232
319
230
326
207
227
325
200
201
331
213
367
206
207
313
214
314
202
351
214
313
227
323
221
201
213
202
306
355
314
206
325
212
313
213
213
208
330
225
225
227
220
323
215
352
232
332
316
346
368
225
202
210
309
307
225
204
365
227
329
204
302
229
210
212
314
210
303
201
228
312
218
332
360
212
207
229
209
205
218
229
364
200
352
337
227
222
207
360
365
206
225
201
357
337
301
227
351
350
220
201
314
367
200
318
364
312
231
227
311
228
333
226
346
210
324
205
312
331
365
211
213
318
232
365
230
315
223
366
351
314
359
342
223
223
209
210
209
232
303
223
331
226
201
210
214
364
205
347
222
222
223
323
358
341
216
318
231
322
302
310
333
214
224
231
307
200
218
327
226
217
210
214
309
214
337
329
215
315
226
203
302
331
312
224
323
304
326
340
206
223
323
321
227
201
232
334
204
330
225
327
213
310
328
225
357
212
342
218
232
356
202
321
228
349
303
327
203
204
206
210
347
206
224
313
203
216
229
224
355
210
205
363
301
217
205
304
225
226
339
327
354
359
210
218
318
210
216
222
208
202
225
232
311
348
204
208
218
226
355
220
212
227
218
349
328
212
303
359
361
229
350
203
322
312
205
202
200
319
350
308
222
312
348
229
204
361
226
348
309
320
210
203
231
224
200
349
213
207
309
211
308
209
201
200
326
216
348
313
361
365
201
219
232
218
208
319
205
333
211
207
208
365
309
224
218
347
331
231
324
345
222
207
348
333
219
219
216
344
222
301
218
209
229
232
318
209
203
231
224
350
325
341
202
302
330
227
302
345
307
334
232
355
337
347
334
332
340
229
228
330
209
316
331
214
211
229
215
212
206
215
323
320
218
226
212
204
211
223
342
215
200
232
211
230
325
320
330
207
351
222
350
360
205
306
228
217
330
230
308
222
231
219
202
221
338
304
367
225
212
221
311
231
354
232
225
350
334
317
223
206
367
303
230
224
323
228
361
359
351
315
212
223
223
220
313
329
214
223
301
203
350
228
229
203
359
227
230
224
357
364
231
366
354
211
323
309
339
225
308
210
215
362
325
307
301
224
207
231
202
339
211
202
368
303
354
309
219
221
208
349
213
221
331
303
217
231
206
310
307
303
317
226
350
353
206
225
226
231
311
214
205
228
349
348
339
306
230
225
230
326
343
227
208
213
355
348
325
216
230
363
223
359
232
228
230
218
314
361
360
201
310
210
306
202
231
227
232
334
362
301
200
219
349
309
319
214
206
211
211
334
232
212
315
306
214
321
228
344
204
368
330
216
333
216
232
214
220
229
312
223
316
367
311
326
333
223
205
343
335
232
368
315
207
311
223
231
207
219
223
211
203
335
311
345
231
231
361
351
208
356
361
223
317
323
351
227
221
209
207
338
316
214
309
322
353
307
208
311
228
229
350
206
327
336
227
358
306
223
312
214
221
218
225
366
364
342
213
201
339
368
355
301
366
209
329
316
209
222
231
316
211
339
208
231
203
323
322
200
212
221
330
211
218
225
355
200
311
211
324
340
223
333
216
361
363
310
215
341
313
301
328
227
211
215
205
221
221
322
302
232
211
346
214
227
303
205
220
318
209
203
204
207
337
229
329
322
232
224
343
228
213
352
208
207
218
350
341
218
355
307
210
221
356
302
336
231
212
310
203
353
225
201
206
219
364
205
214
343
353
350
219
341
326
302
206
207
316
338
359
217
366
208
202
301
311
202
213
225
317
219
221
218
306
338
322
314
228
229
315
317
213
231
222
346
215
359
218
342
318
227
218
205
309
229
220
225
218
307
314
206
325
337
231
225
365
314
221
355
209
366
232
228
305
200
216
221
306
338
205
336
201
311
207
337
212
357
341
232
213
216
215
218
216
205
314
206
309
222
225
203
200
231
311
312
216
349
213
307
229
322
323
306
310
362
320
348
359
368
232
226
328
202
229
321
200
302
202
208
200
208
219
323
201
201
344
354
215
367
324
329
229
310
321
201
356
214
335
232
204
313
322
334
202
209
229
226
358
227
367
323
344
228
208
221
200
311
202
326
222
304
207
219
365
220
338
366
347
332
347
210
215
201
306
206
306
330
201
339
320
352
200
211
227
337
208
204
353
200
347
315
325
204
226
204
201
205
225
351
327
305
212
217
304
223
322
213
349
333
214
215
328
218
224
227
358
201
307
223
208
203
368
226
316
223
216
219
221
225
316
230
231
220
206
333
221
327
315
208
220
324
343
218
202
230
212
225
329
210
328
214
212
325
226
348
211
225
219
203
206
365
203
309
225
308
340
367
208
214
317
347
341
332
359
305
209
322
322
218
205
209
214
330
205
332
204
325
363
349
202
201
362
201
325
222
327
303
365
226
325
367
335
364
201
211
217
367
355
317
340
303
354
229
311
310
217
331
309
354
227
221
358
303
211
333
302
202
339
214
216
351
302
349
225
208
343
218
228
200
328
206
334
365
311
339
336
203
319
211
307
220
350
343
311
348
229
230
225
332
343
215
364
212
223
308
205
361
209
211
308
314
226
312
325
349
334
348
304
347
214
202
221
362
356
227
305
207
338
343
351
326
344
204
220
229
301
206
210
212
310
230
309
324
224
359
209
203
214
209
348
204
339
319
345
207
328
367
228
314
222
229
224
327
229
218
217
360
227
210
216
361
225
338
212
217
311
339
219
350
341
216
330
213
207
217
213
324
202
339
219
222
360
356
366
231
318
329
363
348
359
303
231
216
338
325
207
217
229
227
350
203
365
309
341
343
205
214
215
335
326
365
342
226
307
215
365
203
230
218
348
303
316
334
203
319
346
225
230
306
226
213
351
216
201
359
205
313
306
341
204
324
212
332
231
204
331
209
208
229
210
200
353
219
220
361
367
200
227
350
209
333
207
228
231
206
229
231
353
340
316
227
305
357
230
342
333
231
328
335
338
208
228
205
211
218
334
344
353
356
315
350
224
359
223
205
362
350
217
223
227
339
301
208
301
206
219
225
324
201
228
305
227
347
332
318
210
336
219
326
329
227
223
217
348
203
224
304
331
333
200
220
208
208
206
335
211
229
215
314
354
318
200
207
220
217
356
368
221
342
218
339
214
227
228
202
319
312
203
365
325
366
225
215
216
212
315
210
205
219
231
322
223
315
330
330
216
226
207
360
221
212
220
215
364
214
231
307
201
340
339
350
366
341
329
309
205
319
330
201
314
313
337
342
329
227
218
218
363
343
339
223
216
329
356
309
222
228
342
226
361
208
365
358
356
305
353
339
333
316
355
347
203
345
317
353
214
324
208
315
308
219
208
218
207
220
222
305
204
231
306
348
205
313
205
214
214
337
209
302
225
346
218
213
361
351
201
231
231
362
204
211
227
228
213
334
313
219
201
206
335
214
355
222
343
345
366
333
327
210
312
203
204
332
307
212
318
322
332
329
201
207
205
200
229
307
335
219
316
206
214
364
217
224
222
225
349
337
201
310
321
328
358
210
201
319
338
304
362
346
314
215
310
201
347
203
321
316
214
227
228
337
230
364
205
329
302
223
201
216
352
229
218
314
228
349
319
357
209
332
211
366
310
305
366
227
207
224
350
357
220
223
327
223
363
329
313
211
340
201
348
315
227
359
202
210
208
230
210
226
220
301
208
212
308
231
341
227
210
309
319
221
219
343
229
219
350
223
368
308
306
361
201
343
205
218
326
213
224
347
204
216
325
309
316
204
307
212
357
220
204
360
210
217
217
338
324
230
205
213
207
307
303
343
320
355
362
338
322
306
305
353
307
335
355
302
