217
214
310
228
348
329
208
332
217
230
356
211
350
311
228
336
217
317
354
220
346
218
222
306
209
360
217
307
215
328
326
201
215
353
344
365
319
335
219
228
226
357
218
306
331
344
332
207
324
363
339
232
313
210
220
351
358
221
207
362
329
308
307
218
219
208
330
316
348
214
333
338
339
346
330
218
307
200
221
337
212
359
206
207
344
226
231
309
306
340
217
206
215
219
224
200
364
317
357
366
328
206
351
217
206
222
340
333
211
220
228
218
344
302
335
204
310
200
353
213
334
222
205
213
301
316
317
367
332
364
231
311
330
331
362
200
340
229
208
203
225
309
303
210
210
211
210
351
216
331
364
229
229
206
304
231
358
224
308
228
230
338
218
222
203
201
210
352
228
219
331
215
320
353
210
217
354
342
346
338
367
320
323
202
306
318
311
201
321
333
345
307
330
352
209
210
230
359
338
226
303
208
222
320
204
301
226
337
212
338
228
322
225
344
335
216
232
227
218
331
364
359
301
365
221
315
337
231
208
209
232
224
224
214
310
308
345
353
201
210
226
324
309
316
336
230
354
358
205
327
229
354
227
225
204
309
218
327
204
215
206
218
349
334
229
337
215
320
308
324
304
224
364
342
221
360
232
331
210
205
222
216
326
227
229
353
204
212
230
357
341
226
323
303
346
342
202
347
220
310
355
225
319
310
208
310
232
347
220
359
341
206
334
205
219
359
221
214
304
202
208
219
206
231
218
331
218
231
213
209
207
212
305
217
323
333
213
203
357
302
210
331
367
227
223
326
224
219
203
315
314
335
202
203
312
349
211
348
338
345
350
330
304
316
328
202
356
355
311
348
348
367
230
316
224
360
210
203
203
223
210
232
200
336
227
225
323
348
212
224
329
356
341
207
207
224
214
308
208
202
351
205
311
355
337
313
203
209
308
215
216
306
206
216
365
205
355
200
310
217
207
359
366
201
209
354
203
229
327
220
216
230
358
349
366
333
211
210
351
361
225
310
347
229
334
206
358
202
231
301
345
313
342
316
224
232
314
217
228
214
360
348
213
327
325
214
350
366
203
301
228
364
205
317
309
204
200
304
364
358
307
314
211
339
217
363
208
301
353
227
323
217
219
210
321
226
329
347
224
223
319
206
336
218
361
308
357
200
303
227
208
361
219
215
318
306
339
350
338
220
330
339
301
311
309
339
223
218
316
216
342
210
319
360
231
328
346
367
214
343
205
350
218
346
313
203
366
215
207
353
340
216
353
302
304
360
348
215
323
331
210
212
350
329
201
201
326
339
216
305
214
354
207
363
317
356
222
228
200
328
209
221
206
201
331
358
209
231
204
354
321
210
337
215
335
361
226
354
216
210
203
202
228
213
206
206
213
211
201
344
318
215
232
208
217
205
322
328
203
352
365
231
224
214
311
328
316
335
315
365
352
359
228
312
305
311
309
225
310
223
206
200
316
333
231
228
305
201
217
303
328
227
211
312
210
350
216
313
311
217
313
318
201
203
368
321
329
366
215
209
318
364
211
326
212
304
223
212
226
303
321
210
337
220
364
307
208
202
303
365
201
216
227
334
305
357
348
218
304
214
309
222
232
213
211
208
352
366
336
208
207
358
348
343
323
229
224
231
213
340
350
217
213
222
348
212
226
200
224
328
209
328
358
232
309
340
207
325
317
206
319
231
336
214
227
331
347
210
353
200
202
202
209
339
207
308
218
229
350
325
224
214
218
221
337
312
231
217
214
326
210
342
328
226
340
368
213
363
224
232
229
229
324
317
228
332
229
211
363
225
214
206
212
364
301
219
316
302
228
317
205
322
230
208
315
201
220
301
226
329
209
203
318
325
357
311
305
308
350
310
209
217
232
344
212
335
223
314
205
216
204
209
220
212
204
342
217
348
333
358
359
304
307
224
218
217
221
203
228
208
346
368
228
214
218
221
303
205
326
206
325
367
331
228
213
332
232
332
217
203
226
346
343
225
337
308
349
354
223
217
220
356
218
200
201
201
313
342
213
219
359
225
216
356
368
362
333
214
204
350
363
214
218
323
368
363
230
209
347
230
218
206
213
220
221
314
310
203
368
227
208
229
303
339
332
322
213
358
332
228
232
204
309
228
201
329
362
367
312
317
212
347
359
306
327
228
232
347
352
328
362
359
215
229
367
213
313
215
223
220
310
227
353
204
354
212
359
216
222
228
317
355
335
227
348
323
367
215
349
225
343
323
329
202
205
348
224
220
228
344
204
230
215
201
229
214
348
206
212
318
218
229
363
323
312
227
304
208
313
361
229
323
327
202
222
205
306
210
350
360
360
205
218
232
348
204
356
207
229
226
227
305
342
228
200
213
212
319
310
303
200
313
326
343
231
367
330
316
301
346
323
220
229
309
361
364
218
204
315
338
201
230
356
330
334
340
306
350
365
319
355
225
218
332
222
346
336
324
218
214
214
354
202
213
209
227
200
215
364
216
209
209
232
212
200
214
302
230
333
211
217
205
347
201
355
356
203
315
302
217
223
230
325
208
311
345
311
205
360
219
334
204
315
227
203
310
315
224
368
367
321
206
219
229
310
224
304
229
207
202
325
205
216
214
208
211
205
200
223
210
364
225
333
310
204
303
310
337
317
216
230
213
222
210
227
331
303
228
320
347
322
200
221
206
341
225
204
307
229
202
215
347
346
220
200
368
361
332
223
301
307
350
367
357
227
208
203
341
325
351
341
314
304
312
226
337
358
219
324
328
362
335
225
346
334
206
212
205
335
335
226
366
220
368
308
231
341
340
330
221
223
327
334
326
319
210
207
306
305
216
357
351
303
318
202
355
227
350
303
209
213
343
363
357
207
222
211
213
325
305
218
216
232
207
228
215
215
359
329
200
215
303
205
201
207
346
209
342
215
312
344
207
214
363
358
226
220
224
221
362
228
328
210
214
210
351
338
229
209
339
209
327
302
319
330
225
357
221
344
303
367
220
218
222
231
344
304
206
210
230
208
338
308
212
214
227
229
350
304
341
358
327
230
225
354
349
214
327
326
232
365
357
331
311
201
327
346
363
342
339
207
361
206
366
215
323
222
309
225
230
351
331
309
231
201
219
206
208
218
337
340
232
222
366
215
345
210
344
219
358
354
347
340
315
336
221
330
353
222
209
230
304
210
204
307
225
221
208
215
217
357
227
353
203
215
220
209
329
225
345
324
209
225
200
212
347
200
319
212
319
317
325
202
362
318
210
352
225
349
316
218
347
367
325
213
310
318
208
362
225
219
202
220
220
211
314
203
312
220
327
218
202
332
334
301
202
309
209
325
227
218
318
307
302
218
206
215
325
222
328
222
309
215
216
311
334
212
220
214
228
213
304
218
353
338
340
304
206
339
210
208
362
217
207
227
318
364
303
220
347
303
329
355
330
206
212
212
359
232
223
312
230
307
205
366
200
302
353
367
204
352
213
306
230
331
232
225
364
320
219
338
202
216
339
323
229
326
340
227
338
201
202
332
309
226
219
217
221
317
307
208
207
212
358
202
320
217
201
219
318
204
366
224
213
318
223
222
216
207
215
205
349
210
207
200
223
219
220
225
339
219
201
341
206
214
306
232
210
226
317
337
346
357
216
204
218
225
205
301
208
334
227
217
364
232
214
214
323
346
314
303
208
322
324
202
329
353
303
232
367
336
220
303
309
313
324
221
221
348
219
314
307
304
335
232
209
311
352
350
337
335
315
367
220
301
201
302
329
200
332
231
354
356
363
228
332
360
330
211
231
203
204
319
323
201
349
354
218
224
364
308
222
221
351
353
216
361
324
216
224
206
366
318
216
222
218
321
314
206
329
342
333
339
312
209
363
229
211
310
331
309
219
216
358
214
341
307
319
345
332
223
212
364
208
366
365
203
320
313
226
201
215
355
217
208
213
352
226
216
331
200
208
344
217
231
200
229
327
213
357
209
363
203
207
216
367
303
209
228
231
212
229
353
345
358
222
226
312
315
364
222
359
328
337
332
200
348
219
206
224
347
351
351
228
225
215
310
334
320
228
344
201
213
229
333
201
219
225
218
364
342
326
335
328
219
353
225
209
210
357
210
344
310
215
350
214
230
216
312
351
301
227
314
209
230
212
302
208
227
366
227
346
217
213
229
320
339
341
206
212
325
224
212
329
202
327
226
302
224
325
218
361
208
212
322
347
340
318
302
360
224
329
229
202
350
326
219
332
221
326
330
324
221
322
201
364
214
227
229
229
230
207
348
332
202
216
222
362
331
345
200
231
302
330
223
201
347
203
344
201
330
302
347
207
329
215
309
357
362
226
343
221
332
306
227
344
216
221
350
209
367
202
202
203
306
220
337
209
208
348
203
230
330
229
329
216
351
347
223
223
229
344
358
226
364
331
312
364
359
333
200
211
203
213
313
207
204
349
365
307
211
336
216
345
343
205
313
204
218
205
307
363
361
334
350
210
318
216
209
228
308
304
333
328
200
202
312
221
209
214
360
219
367
363
214
208
217
322
344
216
226
327
355
223
325
209
345
346
219
347
206
219
304
203
205
338
226
326
359
227
307
359
360
339
319
334
230
204
222
219
361
338
318
317
334
226
328
342
200
326
204
315
228
228
314
217
225
229
207
223
342
325
361
215
344
319
229
226
317
226
337
349
358
212
203
209
219
323
202
318
219
220
331
310
344
217
218
220
209
202
303
367
353
329
230
217
214
224
365
331
207
202
221
204
364
336
308
341
200
223
315
224
327
226
224
227
368
214
218
367
302
325
315
211
304
331
353
312
307
351
304
203
205
352
227
307
225
204
328
211
331
304
345
338
211
214
219
361
313
334
231
207
219
331
224
352
365
224
230
305
230
204
363
342
337
355
361
361
350
223
224
203
217
230
304
230
306
345
201
349
317
320
336
363
365
317
209
308
320
357
205
222
344
329
303
210
215
353
348
223
348
210
346
308
231
316
301
201
215
200
316
338
230
337
207
210
225
319
351
310
206
306
212
216
215
329
325
336
305
326
356
307
230
210
303
353
221
219
220
343
343
227
209
323
215
315
202
223
223
202
338
216
314
346
363
231
203
359
310
330
330
358
217
364
203
226
228
204
368
337
221
364
230
340
322
316
213
208
311
208
209
213
367
226
309
222
201
214
337
319
321
219
209
227
302
224
208
324
226
329
307
326
210
214
221
218
223
337
225
347
360
208
355
334
207
323
213
222
205
350
213
340
221
209
322
302
345
225
211
306
310
312
302
202
334
230
311
307
229
207
200
230
221
211
222
218
218
228
340
203
315
214
313
220
327
230
230
213
328
322
350
209
323
208
328
224
206
320
200
366
341
215
231
327
352
218
201
202
200
217
356
322
356
336
224
228
223
304
223
322
212
336
339
330
344
212
329
359
231
216
326
211
344
352
225
363
337
334
211
203
320
204
200
227
332
344
226
331
367
224
304
228
216
324
220
310
205
312
214
226
368
333
211
366
305
219
204
202
202
226
318
220
203
202
202
342
316
349
310
365
343
204
312
345
339
337
231
352
304
219
209
349
338
331
331
230
215
230
205
362
226
337
319
353
317
210
217
214
228
357
315
334
320
211
200
342
366
210
348
350
222
222
306
319
325
338
339
217
366
367
348
364
308
334
318
303
200
306
322
218
348
202
227
317
227
210
218
215
308
201
345
205
337
231
349
368
316
347
336
309
353
301
227
322
323
367
321
323
304
343
305
361
363
361
362
303
305
326
304
