329
314
312
301
221
228
220
224
205
223
341
330
323
314
206
333
224
325
221
221
210
349
215
212
357
211
225
334
214
223
333
343
314
219
335
218
329
361
218
210
328
216
201
346
329
222
321
200
319
359
227
229
346
214
224
226
228
211
307
336
217
212
322
206
334
201
210
362
359
214
336
217
329
308
360
301
216
331
213
218
344
222
339
220
227
359
344
328
217
200
204
203
307
359
203
215
201
223
320
340
353
210
224
215
204
211
356
207
217
366
208
232
212
364
349
310
205
230
345
344
217
317
223
224
339
352
232
307
219
209
322
211
351
317
201
319
365
330
329
319
318
232
309
227
215
322
200
316
221
313
223
214
218
358
230
307
220
310
360
360
311
214
207
358
218
326
345
208
213
217
232
358
353
230
317
218
228
215
211
204
229
304
309
203
213
212
357
211
324
213
310
365
361
227
328
348
359
213
344
210
216
231
209
359
355
202
222
359
200
308
322
340
215
359
325
225
215
328
229
222
337
322
329
229
226
359
220
220
206
323
368
315
349
208
307
217
328
363
209
348
219
205
312
364
205
330
350
213
202
219
340
206
358
323
317
333
346
208
320
356
200
221
342
339
218
225
201
327
224
304
302
202
203
325
340
338
365
326
342
341
330
209
352
222
303
226
224
359
228
339
334
355
232
213
317
319
201
363
347
205
333
222
343
215
201
223
334
356
351
228
325
202
336
201
229
222
355
205
228
227
334
355
317
228
220
329
316
225
331
216
220
206
320
361
368
221
309
216
325
364
223
361
339
203
361
210
209
204
205
350
325
365
362
209
223
324
338
323
330
230
342
340
301
202
332
231
303
232
314
224
342
215
321
206
229
321
353
206
334
215
224
337
338
341
352
228
366
212
217
206
359
342
313
365
335
353
315
204
218
226
200
211
309
201
332
319
338
227
314
203
304
232
359
223
318
227
330
222
304
301
354
206
366
328
218
216
220
214
326
208
328
356
360
202
312
218
219
220
363
232
220
320
317
218
334
203
210
212
322
360
211
312
359
210
205
313
347
213
224
220
221
216
220
210
308
230
328
227
222
225
200
330
215
340
314
354
335
304
358
343
358
345
218
219
222
210
359
308
204
214
224
301
311
303
313
348
210
218
356
354
224
215
334
232
344
368
361
350
205
215
302
329
314
220
316
231
322
211
364
303
213
210
324
308
205
338
231
351
207
319
213
205
222
344
224
232
223
224
205
222
215
360
218
219
309
352
222
224
214
218
228
357
304
212
222
316
337
322
216
201
303
221
203
354
347
201
312
220
219
202
320
353
325
226
215
214
228
210
342
220
206
219
232
320
214
216
336
359
327
200
347
307
212
229
202
351
204
223
219
206
222
312
209
338
230
302
312
310
363
203
354
208
201
231
213
325
335
223
307
208
304
203
208
303
218
310
201
356
357
210
315
366
209
214
342
205
326
361
200
200
208
232
347
368
228
220
365
318
331
231
215
216
223
318
321
232
320
302
351
330
359
212
224
210
330
221
350
352
219
319
341
208
216
204
310
231
325
222
221
227
336
213
228
324
337
361
223
212
214
207
213
202
351
200
317
217
214
359
361
221
325
210
222
226
226
364
309
205
320
216
353
214
337
340
228
225
347
335
213
329
318
231
218
313
211
204
306
354
330
226
314
211
306
203
216
212
226
228
207
317
204
367
231
322
229
318
301
332
358
312
200
301
215
211
220
315
350
354
332
311
231
350
307
206
205
216
315
343
211
221
220
304
217
225
357
227
226
220
202
211
219
230
204
368
352
210
202
228
329
315
215
227
210
218
232
332
337
207
334
323
352
210
228
344
344
313
337
216
317
311
335
228
335
202
334
204
226
351
316
350
330
224
231
212
310
207
339
213
335
227
357
222
213
305
215
229
354
203
232
324
346
229
202
208
360
312
213
329
226
307
222
328
218
342
336
310
311
210
357
210
334
351
208
302
310
225
318
206
320
347
228
367
202
324
220
305
349
227
225
203
222
232
309
224
209
312
342
328
215
312
212
203
352
355
335
231
215
306
224
302
200
221
358
200
329
331
349
212
332
364
229
226
228
203
368
226
216
230
358
213
351
225
325
212
211
336
213
216
220
213
322
226
335
212
229
210
206
228
212
210
228
363
309
339
214
208
217
230
310
311
345
360
210
228
216
355
339
207
211
226
231
232
311
355
214
204
206
305
333
225
322
203
203
329
334
217
205
315
220
360
305
222
217
227
231
226
338
201
220
319
217
229
227
354
229
223
220
349
203
366
321
200
208
227
340
333
232
319
327
327
361
340
320
217
230
220
353
302
224
220
206
221
215
200
223
216
357
201
215
338
367
345
307
205
348
352
232
362
360
362
202
221
345
203
313
217
200
204
365
223
208
218
362
367
211
332
308
348
214
223
351
205
320
202
217
363
363
340
332
327
333
366
217
214
340
345
231
232
219
346
221
311
316
304
231
219
310
219
318
339
341
215
213
315
350
228
335
224
340
313
330
221
218
352
368
322
209
211
329
325
204
216
214
201
306
223
329
206
205
216
320
216
350
338
351
203
331
206
330
218
231
217
307
218
210
209
345
366
232
227
223
226
342
203
308
213
305
364
226
201
217
306
329
201
309
225
340
213
328
332
355
206
217
309
211
335
330
215
228
225
210
230
319
215
362
322
224
205
225
206
214
213
232
318
212
324
310
366
225
311
360
227
343
335
303
312
302
205
310
206
229
224
308
346
225
214
230
206
201
203
225
207
323
316
356
313
343
201
207
231
224
349
361
217
308
208
321
349
222
307
232
227
305
305
231
324
204
346
332
202
227
328
324
302
325
210
215
228
205
341
319
222
337
213
315
221
215
310
218
344
341
200
218
210
228
314
229
351
304
215
327
210
339
359
361
231
348
350
349
216
366
217
364
355
214
222
212
217
204
363
356
340
316
232
340
222
221
362
218
231
222
212
216
231
308
308
208
207
222
339
229
345
318
306
223
322
220
359
201
338
217
324
200
215
367
232
317
364
336
331
204
228
222
347
336
217
219
212
332
206
221
213
228
316
315
318
354
345
322
224
362
343
223
331
208
307
232
364
200
202
307
352
230
214
208
335
341
215
325
202
335
219
208
200
211
303
214
210
229
351
209
210
334
210
355
220
340
217
312
319
209
322
322
229
329
218
342
308
302
225
228
354
313
225
303
340
358
310
207
338
209
310
329
340
220
345
331
220
222
218
332
210
363
212
304
223
206
316
331
208
223
213
211
338
216
228
317
223
211
204
229
209
227
220
208
210
219
322
360
207
220
218
348
321
342
208
313
301
331
362
205
347
231
344
211
330
301
344
227
207
359
355
364
305
232
201
341
228
362
230
321
347
345
211
306
215
327
214
218
315
232
364
210
224
227
202
316
339
209
307
212
221
344
357
349
231
201
213
201
215
346
341
355
319
208
202
205
336
205
338
206
330
229
213
213
305
230
304
344
304
206
322
319
212
211
364
230
224
203
221
339
226
311
207
321
341
338
222
225
361
219
367
229
201
214
200
212
219
349
352
203
208
208
355
202
230
206
366
203
336
349
214
356
302
344
208
338
366
213
364
212
357
316
213
359
215
314
231
360
323
307
314
231
323
213
311
211
220
344
214
308
231
213
346
216
226
337
366
209
340
366
228
218
357
215
219
203
217
368
328
345
218
353
213
341
333
204
211
328
358
203
201
361
320
327
315
225
228
327
350
354
200
361
334
213
347
202
310
334
232
366
210
202
361
315
212
336
306
336
311
313
205
323
333
356
326
352
231
207
355
228
225
216
311
316
204
314
317
225
217
307
339
331
325
328
203
319
339
222
226
326
202
327
368
345
328
230
366
231
201
216
207
313
225
206
361
211
325
222
314
344
218
363
313
220
222
218
204
223
336
213
306
208
325
361
323
209
232
329
358
231
347
216
208
221
362
359
224
209
213
335
224
329
230
222
215
225
227
217
328
222
310
305
226
216
307
220
204
303
314
353
210
220
208
336
362
225
314
358
200
306
202
301
358
212
306
202
344
333
306
320
220
367
201
312
202
213
364
218
227
224
212
219
225
323
301
360
336
345
229
209
359
349
348
361
365
326
209
220
219
315
211
216
368
341
324
217
216
318
224
208
227
338
357
200
320
317
215
200
365
358
216
227
353
304
219
355
348
222
226
218
200
337
228
325
362
351
349
354
327
211
351
221
365
226
214
309
204
216
307
218
365
330
214
230
230
325
215
301
203
307
206
212
354
206
223
311
212
212
225
324
343
337
228
212
226
352
335
367
219
333
311
223
333
218
212
309
330
225
358
227
209
231
314
227
222
356
326
203
324
215
306
310
312
339
366
357
336
204
328
223
215
222
229
215
226
203
367
205
218
309
360
214
319
359
320
342
318
314
318
200
336
317
202
224
350
226
211
323
227
205
302
360
205
220
348
357
344
316
225
318
319
221
344
301
350
346
343
332
201
308
212
336
362
224
213
216
200
339
210
207
216
320
226
226
329
347
213
338
204
219
312
304
359
336
327
327
358
334
220
226
213
360
309
351
202
323
308
359
221
209
330
350
337
320
203
368
305
325
326
231
201
348
219
364
343
306
347
212
207
212
351
335
315
200
352
355
200
207
303
343
223
368
333
229
353
215
209
202
321
319
319
354
203
215
231
327
213
324
306
229
314
344
217
368
358
334
230
200
231
205
216
306
323
220
317
315
304
201
218
225
343
305
364
353
322
360
224
217
316
341
339
212
211
229
335
213
230
301
220
222
214
305
226
365
222
306
355
222
327
207
212
357
216
320
339
308
319
207
213
346
322
325
213
301
224
223
324
340
302
217
359
207
324
229
229
349
203
222
331
356
223
218
311
220
317
229
219
344
207
366
339
311
333
220
200
230
224
227
346
308
303
207
228
217
221
359
332
229
222
343
210
207
360
342
327
307
200
212
206
362
211
221
328
361
222
203
326
344
326
334
350
316
307
204
308
228
341
211
211
304
212
231
355
313
327
308
320
231
212
355
333
201
354
202
337
216
223
221
324
354
327
301
208
205
349
208
222
201
336
338
356
228
343
309
361
330
209
324
202
336
227
203
360
215
326
364
224
315
363
214
311
314
303
356
204
326
228
204
201
362
230
211
355
349
304
230
323
210
358
320
224
315
222
231
217
210
209
368
305
342
350
211
338
355
219
210
322
331
351
308
335
345
221
226
327
218
354
204
319
207
307
353
224
218
224
355
213
323
349
357
328
202
200
210
340
225
340
305
211
227
225
359
203
362
204
347
323
231
308
226
230
368
215
202
214
350
335
204
220
208
351
222
306
303
210
353
323
216
226
210
315
342
326
359
317
227
318
201
226
333
221
205
217
219
218
343
215
231
309
305
360
221
351
354
218
219
348
206
228
311
316
215
335
205
230
212
218
212
210
346
208
314
314
335
349
221
231
349
349
332
367
313
356
352
352
229
302
220
222
212
341
226
213
225
316
227
325
201
221
217
200
210
206
313
312
212
216
230
316
352
318
350
209
203
213
219
207
304
204
224
226
213
347
226
228
206
219
210
222
350
209
312
328
213
367
358
368
227
349
228
216
342
219
220
212
349
206
218
350
210
226
368
200
334
202
329
230
230
320
216
352
311
329
360
203
212
226
216
358
229
210
345
360
211
336
231
312
204
218
202
340
359
210
315
348
340
208
209
212
206
355
335
356
224
329
323
354
337
339
353
357
357
339
364
353
362
341
