337
368
229
318
219
206
340
312
209
311
308
347
348
340
338
306
343
217
363
327
208
367
206
365
305
338
227
209
229
219
200
204
306
321
307
224
362
317
347
209
319
320
212
225
204
231
331
231
320
337
203
200
352
230
207
223
220
223
314
308
210
340
358
363
340
222
201
324
205
329
333
312
215
334
219
310
305
361
227
333
223
325
214
221
219
305
333
209
327
367
203
225
210
206
364
229
213
213
229
323
346
203
317
204
208
218
218
311
230
212
226
223
323
307
213
200
223
206
341
311
353
218
322
338
226
225
210
316
220
322
228
225
354
314
315
228
206
347
203
204
229
346
203
221
343
312
323
338
201
230
307
226
232
207
213
303
226
357
226
353
209
368
339
307
361
224
320
343
344
228
311
331
217
330
215
203
311
363
222
225
214
229
354
349
203
232
362
367
348
302
348
312
360
362
307
346
212
210
367
215
232
339
226
327
332
227
354
330
350
304
209
211
327
358
222
362
218
231
366
218
306
219
355
317
208
352
319
217
302
212
316
220
221
309
220
338
301
200
356
345
366
206
354
361
323
207
330
326
339
228
336
218
216
302
365
226
214
364
231
301
304
310
228
335
318
231
333
214
202
336
351
222
340
203
231
221
340
206
225
202
213
368
226
310
326
359
319
343
206
227
213
231
208
345
224
341
325
325
333
217
324
321
222
206
210
212
365
214
320
353
330
345
222
330
213
211
227
217
318
221
211
312
315
343
316
311
209
223
230
204
227
212
201
357
337
363
209
319
340
225
346
207
227
302
224
226
214
312
360
226
307
232
211
331
330
302
220
366
207
207
323
341
323
221
205
217
228
220
218
226
218
325
229
342
221
344
216
361
336
359
366
211
320
351
204
311
344
229
319
211
228
303
227
328
341
232
222
228
339
312
305
204
336
344
220
227
202
321
216
219
342
223
350
360
316
220
216
223
304
222
324
214
202
207
349
232
327
351
344
363
361
226
229
339
202
313
221
223
348
309
338
200
211
217
328
310
342
355
321
333
327
228
205
218
366
228
335
230
201
211
223
350
333
227
200
214
220
216
342
213
221
232
340
221
325
225
221
209
222
365
326
206
308
211
215
335
349
210
220
309
209
321
223
210
360
306
210
227
322
218
310
201
226
231
228
358
214
222
305
359
351
204
326
311
201
358
366
340
358
200
220
313
230
217
322
206
211
220
305
307
311
316
202
336
210
325
229
313
224
343
325
229
324
225
203
217
317
331
200
202
227
232
222
220
214
357
329
348
307
231
206
205
223
353
204
356
305
226
217
367
207
201
334
217
223
306
342
226
365
217
361
225
205
212
202
230
328
345
208
335
336
304
364
228
318
214
204
351
232
337
318
303
202
224
303
339
218
201
358
326
325
218
220
303
223
209
213
340
344
318
207
360
224
348
202
202
224
224
350
349
305
359
208
205
353
213
205
230
346
356
216
312
226
229
301
337
203
334
212
322
208
209
228
210
204
223
327
220
344
305
358
206
216
328
314
205
353
220
227
334
206
232
213
229
347
202
226
216
217
222
324
200
334
209
320
221
345
232
207
210
330
201
360
358
329
312
326
353
318
367
333
205
361
301
301
358
206
336
324
367
204
329
213
213
368
356
213
346
325
209
324
336
339
227
201
213
316
354
202
332
349
341
339
354
316
229
200
335
338
227
205
332
203
207
366
350
312
232
220
210
362
216
333
316
206
365
352
221
340
206
315
201
207
316
207
203
307
324
355
209
228
203
221
336
218
229
333
214
214
327
333
227
320
354
325
339
209
359
304
357
322
222
343
311
318
220
216
226
224
226
348
327
316
219
209
222
343
211
232
206
200
219
224
307
342
214
332
222
355
213
302
352
223
322
204
200
338
215
320
203
359
342
345
343
210
354
325
351
228
348
231
228
311
366
225
358
330
211
203
336
308
210
202
219
315
315
328
201
310
209
214
219
227
342
345
227
318
363
230
346
341
225
324
228
311
359
357
222
318
311
357
337
228
359
353
205
342
202
355
308
228
223
308
351
346
316
332
229
211
212
303
204
213
317
227
333
346
317
338
223
215
226
217
336
232
211
324
368
314
227
311
214
226
211
321
314
207
310
333
360
203
331
362
343
312
231
215
351
218
325
324
211
340
211
347
353
352
207
352
218
205
223
322
342
206
200
309
203
316
208
325
204
351
310
354
225
314
356
305
359
203
366
350
219
334
312
218
201
223
225
203
210
205
223
212
231
305
337
205
315
342
215
304
329
204
358
366
338
324
357
212
356
210
310
342
201
229
340
222
209
334
328
321
205
209
352
225
221
364
312
309
205
209
353
228
200
315
200
209
219
363
220
346
215
212
203
334
229
322
200
223
203
360
200
337
224
220
210
310
322
319
330
207
358
367
320
314
364
227
211
214
222
215
214
210
202
350
323
229
220
222
203
310
342
363
201
215
348
318
211
217
358
338
328
219
367
216
218
344
215
321
200
324
213
202
335
342
225
360
327
201
223
364
219
225
222
335
310
318
316
225
346
212
206
216
221
229
327
321
349
305
232
230
307
226
314
214
332
346
216
200
205
322
220
337
228
316
330
328
208
221
353
229
314
216
350
230
340
367
208
332
232
229
330
320
342
350
339
357
339
223
218
347
209
363
224
206
200
204
206
207
308
337
203
213
345
334
229
209
214
359
310
324
359
203
367
219
201
228
218
337
210
348
223
223
222
230
230
208
202
305
214
345
303
225
310
358
323
339
203
346
339
320
324
334
218
200
328
209
329
320
207
229
362
339
213
212
204
302
231
322
357
337
227
205
225
210
366
215
337
204
365
303
215
229
313
204
307
344
361
218
362
303
302
304
207
304
365
301
323
339
326
204
231
333
206
363
342
364
224
203
228
217
361
341
345
227
211
218
204
201
203
219
330
203
320
360
320
223
317
343
359
361
215
231
212
214
314
311
203
306
321
308
311
210
214
205
224
232
228
205
214
366
324
302
215
361
218
312
344
365
316
352
204
219
216
221
221
200
213
344
211
201
201
320
368
229
216
206
364
231
227
211
201
358
215
231
363
367
301
210
218
336
327
310
202
368
333
311
209
344
313
208
220
346
228
205
302
228
323
348
203
230
337
326
217
209
204
201
205
218
360
217
208
214
225
316
355
203
337
362
308
204
213
308
358
208
202
203
360
206
208
355
230
200
203
206
206
216
366
302
320
306
221
352
219
225
338
360
220
364
336
224
217
303
200
225
213
226
215
364
302
206
217
331
219
307
322
222
333
308
303
305
206
224
306
338
331
215
200
201
327
367
340
229
339
209
319
232
356
367
207
309
221
209
346
214
225
360
222
221
225
221
207
221
351
324
212
361
209
206
354
318
206
205
206
200
311
304
365
368
230
217
224
338
334
301
207
203
214
304
226
301
206
366
214
210
215
303
320
229
200
204
213
202
341
224
344
214
208
362
231
210
218
231
352
218
303
349
203
209
218
211
210
319
330
227
232
354
319
353
216
231
317
332
313
210
321
228
368
330
328
206
368
224
222
317
207
358
223
334
221
225
202
359
206
339
343
325
366
347
345
357
231
216
224
208
318
210
231
209
211
209
317
214
306
225
204
343
228
200
313
207
219
208
229
202
324
326
204
231
312
228
338
320
355
210
231
210
228
311
204
209
228
331
216
367
231
302
205
328
220
224
340
340
319
219
204
304
205
303
222
208
354
306
305
206
213
218
211
337
328
200
311
209
206
225
202
205
354
203
312
362
220
349
210
324
229
342
226
365
209
335
215
363
303
200
218
347
231
204
365
323
328
202
310
217
346
214
332
327
230
227
229
328
203
218
217
362
209
222
327
219
336
207
223
210
232
201
206
228
200
311
333
322
228
215
201
318
331
317
323
207
200
315
317
220
229
321
326
312
323
210
218
335
338
365
334
326
322
207
203
219
230
228
366
202
223
202
319
219
361
353
357
230
353
355
352
321
202
326
327
351
345
308
327
328
223
221
364
317
220
327
206
222
350
336
226
216
224
231
208
207
336
325
361
224
338
223
219
219
311
323
221
356
322
223
331
345
213
225
307
214
305
361
201
367
217
336
212
332
223
312
328
214
216
323
313
303
309
346
353
340
230
210
208
227
205
331
358
213
214
333
212
320
302
365
209
215
208
309
216
201
228
217
228
224
229
230
317
231
216
212
310
223
332
344
226
303
303
323
222
330
341
209
327
212
208
230
204
226
205
207
216
204
367
212
327
203
341
209
205
306
312
352
203
216
346
321
203
222
325
207
365
222
204
221
302
230
350
202
203
343
212
368
218
347
212
312
323
211
218
224
362
338
223
223
321
215
313
307
315
345
360
364
361
333
212
343
360
201
317
304
218
356
225
354
219
231
220
335
341
318
216
320
352
225
362
212
319
343
217
359
301
209
226
349
213
345
224
205
301
316
320
363
336
202
207
337
231
231
204
368
350
319
229
318
362
218
346
354
217
341
364
231
221
354
326
230
222
203
314
353
223
312
208
345
350
217
214
322
349
227
357
356
347
214
330
334
326
214
320
224
227
331
309
348
229
226
202
345
330
362
308
312
362
367
307
204
338
222
329
210
317
207
215
312
318
214
216
214
367
217
206
355
222
213
206
367
228
315
210
323
321
322
356
305
229
205
211
343
208
352
220
206
227
215
218
321
204
345
207
217
219
322
346
224
230
348
325
213
212
226
309
358
319
351
226
359
201
311
330
352
351
227
365
338
209
354
208
327
212
342
213
204
217
216
220
340
207
225
226
204
306
204
319
338
224
217
301
221
211
213
309
346
207
219
229
225
218
319
337
227
326
215
339
209
202
205
230
203
205
306
337
344
210
210
217
343
364
326
365
317
221
221
203
207
338
354
338
319
322
201
355
304
216
338
206
200
207
204
310
301
226
217
310
226
311
201
368
204
227
205
202
311
349
201
320
202
219
226
356
200
219
230
220
230
227
352
335
322
209
315
362
310
309
329
209
311
226
213
333
348
346
349
350
306
357
208
225
331
330
330
210
219
308
220
341
333
202
332
308
217
212
212
326
228
219
227
210
223
338
225
354
330
317
351
205
228
342
342
204
303
213
307
215
211
217
364
219
340
226
309
312
353
228
221
312
357
340
230
356
355
301
217
328
207
318
321
210
206
223
200
360
321
209
217
313
225
207
212
218
335
206
207
325
216
229
304
363
331
224
213
319
348
210
225
327
206
212
333
219
305
230
222
214
206
230
361
217
335
203
322
312
338
231
354
207
207
219
230
367
305
360
304
323
217
221
203
354
228
301
311
324
330
205
320
333
206
213
224
221
229
316
229
217
355
362
205
219
217
320
325
229
333
225
358
343
322
334
225
218
344
353
206
210
342
366
354
218
333
318
309
324
207
335
301
221
231
205
226
317
223
319
221
216
212
353
210
305
342
214
338
221
200
209
206
226
230
307
325
322
334
211
349
342
347
312
224
216
340
214
223
220
225
229
202
319
330
211
219
225
356
343
320
203
220
214
221
210
313
303
328
315
219
226
347
342
341
331
203
332
351
330
227
360
202
343
230
207
359
323
211
331
361
229
224
200
231
357
218
211
212
214
204
217
216
213
226
302
302
307
347
219
218
323
332
225
231
340
326
340
366
207
302
302
318
319
368
213
220
212
345
207
226
202
206
205
216
310
221
365
358
211
205
329
231
224
227
228
219
206
211
304
226
334
306
334
361
316
323
302
357
336
320
336
325
368
